43
3  2  6  2  0 1 1 1
5  16 7  16 0 1 2 0
16 15 19 15 0 1 2 1
12 11 16 11 0 1 1 1 
9  4  13  4 1 1 1 0
11 18 15 18 1 1 1 1
2  14  2 18 2 1 2 1 
14 7  14 11 2 1 2 1
17 7  17 10 3 1 1 0
4  5  4  8  3 1 1 0
2  5  4  5  0 2 3 1
11 4  15 4  0 2 3 0
16 13 19 13 0 2 4 1
3  17 7  17 1 2 4 1
10 7  13 7  1 2 4 0
12 18 15 18 1 2 3 1
7  4  7  11 2 2 3 0
16 8  16 12 2 2 3 1
6  14 6  16 3 2 4 1
10 14 12 14 0 2 4 1
7  2  10 2  0 3 5 0
15 4  18 4  0 3 6 1
4  5  7  5  1 3 6 0
10 8  10 10 2 3 5 1
16 8  19 8  0 3 6 1
2  10 5  10 1 3 6 1
9  12 11 10 0 3 5 0
18 12 18 15 3 3 6 1   
5  15 7  15 1 3 5 1
3  18 6  18 0 3 5 1
14 18 17 18 0 3 6 1
6  2  9  2  1 4 7 0
17 3  17 7  2 4 7 1 
3  5  5  5  1 4 8 1
12 6  14 6  0 4 8 0
14 9  17 9  1 4 8 1
5  8  5  12 3 4 7 1
18 13 18 15 2 4 7 0
14 17 17 17 0 4 7 1
4  18 9  18 1 4 8 1
10 16 10 18 3 4 8 1
4  14 6  14 0 4 7 0
5  10 15 10 0 5 9 1 